,V1,V2,V3,Docs
1,0.595520421607378,0.267457180500659,0.137022397891963,2012_WI-NZ_1_1_TeamneedshundredsfrombatsmenTaylor_OR.txt
2,0.418825561312608,0.439550949913644,0.141623488773748,2012_WI-NZ_1_10_Gaylereturnsinterrificstyle_SubashJayaraman.txt
3,0.454010301692421,0.142752023546726,0.403237674760854,2012_WI-NZ_1_11_GaylePowelltonsgiveWIedge_KanishkaaBalachandran.txt
4,0.501926782273603,0.21868978805395,0.279383429672447,2012_WI-NZ_1_12_WelcomebackChrisGayle_SubashJayaraman.txt
5,0.436507936507936,0.198412698412698,0.365079365079365,2012_WI-NZ_1_13_Glimpsesofagloriouspast_SubashJayaraman.txt
6,0.453463203463203,0.352813852813853,0.193722943722944,2012_WI-NZ_1_14_GayletakesallthepressureoffPowell_OR.txt
7,0.565749235474006,0.10474006116208,0.329510703363914,2012_WI-NZ_1_15_GayleandPowelldeflateNewZealand_KanishkaaBalachandran.txt
8,0.481262327416174,0.18836291913215,0.330374753451677,2012_WI-NZ_1_16_GuptillbattlestheNarinethreat_SubashJayaraman.txt
9,0.539617486338798,0.252732240437158,0.207650273224044,2012_WI-NZ_1_17_WereontopRossTaylor_OR.txt
10,0.479862896315338,0.140531276778063,0.379605826906598,2012_WI-NZ_1_18_HonoursevenafterNarinestrikes_KanishkaaBalachandran.txt
11,0.27283950617284,0.51358024691358,0.21358024691358,2012_WI-NZ_1_19_Martinexpectsplentyofswing_OR.txt
12,0.548644338118022,0.271132376395534,0.180223285486443,2012_WI-NZ_1_2_TodaywasmydayRoach_OR.txt
13,0.394894894894895,0.426426426426426,0.178678678678679,2012_WI-NZ_1_20_Testlightweightsscrapforraresuccess_SiddarthRavindran.txt
14,0.476608187134503,0.345029239766082,0.178362573099415,2012_WI-NZ_1_21_oultandWatlingoutoffirstTest_OR.txt
15,0.317460317460317,0.518925518925519,0.163614163614164,2012_WI-NZ_1_22_GayleTestreturnveryexcitingSammy_OR.txt
16,0.341704718417047,0.528919330289193,0.12937595129376,2012_WI-NZ_1_3_CoachGibsonhailsallroundperformance_SubashJayaraman.txt
17,0.571625344352617,0.201790633608815,0.226584022038568,2012_WI-NZ_1_4_RoachsetsupcrushingwinforWestIndies_KanishkaaBalachandran.txt
18,0.4716459197787,0.297372060857538,0.230982019363762,2012_WI-NZ_1_5_GuptillconfidentofNewZealandsavingTest_OR.txt
19,0.511685116851168,0.2460024600246,0.242312423124231,2012_WI-NZ_1_6_WestIndieschancesreduceonflatpitch_SubashJayaraman.txt
20,0.433258762117822,0.155853840417599,0.410887397464579,2012_WI-NZ_1_7_NewZealandtopordebridgesgap_KanishkaaBalachandran.txt
21,0.376171352074967,0.307898259705489,0.315930388219545,2012_WI-NZ_1_8_NewZealandrefusetobreak_SubashJayaraman.txt
22,0.3584229390681,0.374551971326165,0.267025089605735,2012_WI-NZ_1_9_ImmoreawareofmyroleKieran Powell_OR.txt
23,0.529715762273902,0.328165374677003,0.142118863049096,2012_WI-NZ_2_1_NewZealandruelackofhundreds_OR.txt
24,0.205506391347099,0.155358898721731,0.63913470993117,2012_WI-NZ_2_10_ChrisTavareGayle?_SubashJayaraman.txt
25,0.259062776304156,0.346595932802829,0.394341290893015,2012_WI-NZ_2_11_Samuelsredemptionsong_SubashJayaraman.txt
26,0.410666666666667,0.282666666666667,0.306666666666667,2012_WI-NZ_2_12_FourquicksployworkedBoult_OR.txt
27,0.33764367816092,0.156609195402299,0.505747126436782,2012_WI-NZ_2_13_NewZealandaheaddespiteSamuelston_KanishkaaBalachandran.txt
28,0.367003367003367,0.281144781144781,0.351851851851852,2012_WI-NZ_2_14_NotaneasypitchtobowlonRoach_OR.txt
29,0.407061266874351,0.382139148494289,0.21079958463136,2012_WI-NZ_2_15_NewZealandsbatsmendotoolittle_SubashJayaraman.txt
30,0.390946502057613,0.190329218106996,0.418724279835391,2012_WI-NZ_2_16_Adayforwatchingthecrease_SubashJayaraman.txt
31,0.485674353598882,0.133473095737247,0.380852550663871,2012_WI-NZ_2_17_RoachandBestmakeitWestIndiesday_KanishkaaBalachandran.txt
32,0.469103568320278,0.385552654482158,0.145343777197563,2012_WI-NZ_2_18_ElusivevictorywithinWestIndiesgrasp_GeorgeBinoy.txt
33,0.327256944444444,0.546006944444444,0.126736111111111,2012_WI-NZ_2_19_Sammykeentokeepthatwinningfeeling_SubashJayaraman.txt
34,0.262080262080262,0.586404586404586,0.151515151515152,2012_WI-NZ_2_2_AnimportantwinfortheWestIndieshierarchy_GarthWattley.txt
35,0.424019607843137,0.343137254901961,0.232843137254902,2012_WI-NZ_2_20_InjuredRampauloutofsecondTest_OR.txt
36,0.425925925925926,0.348148148148148,0.225925925925926,2012_WI-NZ_2_3_ThisonesdefinitelyforJamaicaSamuels_OR.txt
37,0.457364341085271,0.251384274640089,0.29125138427464,2012_WI-NZ_2_4_DominantWestIndiessealseries_KanishkaaBalachandran.txt
38,0.42200328407225,0.264367816091954,0.313628899835796,2012_WI-NZ_2_5_NewZealandnotoutofJamaicaTestSouthee_OR.txt
39,0.353369763205829,0.31511839708561,0.331511839708561,2012_WI-NZ_2_6_Weatherputsdamperonchanceofresult_SubashJayaraman.txt
40,0.362869198312236,0.277426160337553,0.359704641350211,2012_WI-NZ_2_7_WeveworkedNewZealandbatsmenoutDeonarine_SubashJayaraman.txt
41,0.247841105354059,0.175302245250432,0.57685664939551,2012_WI-NZ_2_8_AttentionitstheOlympics_SubashJayaraman.txt
42,0.339220014716703,0.142752023546726,0.518027961736571,2012_WI-NZ_2_9_SamuelsspinnersgiveWestIndiestheedge_KanishkaaBalachandran.txt
43,0.249242424242424,0.274242424242424,0.476515151515152,2013_NZ-WI_1_1_NewZealandWestIndies_OR.txt
44,0.264492753623188,0.090579710144928,0.644927536231884,2013_NZ-WI_1_10_NZseamerslayplatformforinningswin_DevashishFuloria.txt
45,0.275816993464052,0.393464052287582,0.330718954248366,2013_NZ-WI_1_11_TaylorjoinseliteNewZealandlistwithdouble_AndrewMcGlashan.txt
46,0.331029185867896,0.165130568356375,0.50384024577573,2013_NZ-WI_1_12_Taylordouble-centurysetsupNewZealand_DevashishFuloria.txt
47,0.312169312169312,0.407407407407407,0.28042328042328,2013_NZ-WI_1_13_NZbeginsummerwithlong-awaitedtons_DevashishFuloria.txt
48,0.326173428798727,0.173428798727128,0.500397772474145,2013_NZ-WI_1_14_TaylorMcCullumcenturiesdriveNZ_DevashishFuloria.txt
49,0.232613908872902,0.541966426858513,0.225419664268585,2013_NZ-WI_1_15_NZfavouritesagainststrugglingWI_AndrewMcGlashan.txt
50,0.189342403628118,0.638321995464853,0.172335600907029,2013_NZ-WI_1_16_WilliamsonruledoutoffirstTest_AndrewMcGlashan.txt
51,0.370637785800241,0.352587244283995,0.276774969915764,2013_NZ-WI_1_2_WestIndiesfollowonstar_SRajesh.txt
52,0.200235571260306,0.532391048292108,0.267373380447585,2013_NZ-WI_1_3_SammyrelievedatavoidingIndiarepeat_AndrewMcGlashan.txt
53,0.180067001675042,0.499162479061977,0.320770519262982,2013_NZ-WI_1_4_McCullumwoeasNewZealanddeniedagain_AndrewMcGlashan.txt
54,0.288494077834179,0.164128595600677,0.547377326565144,2013_NZ-WI_1_5_RainaidsWestIndiesgreatescape_DevashishFuloria.txt
55,0.250989707046714,0.329374505146477,0.419635787806809,2013_NZ-WI_1_6_ResilientBravoshowsoverseasprowess_AndrewMcGlashan.txt
56,0.267827529021559,0.153399668325041,0.5787728026534,2013_NZ-WI_1_7_MagnificentBravoputsWestIndiesinlead_DevashishFuloria.txt
57,0.345578231292517,0.447619047619048,0.206802721088435,2013_NZ-WI_1_8_ChanderpaulthekeyasWIfightback_AndrewMcGlashan.txt
58,0.156659765355418,0.342995169082126,0.500345065562457,2013_NZ-WI_1_9_NZfindvenominSouthee-Boultcombination_AndrewMcGlashan.txt
59,0.283479960899316,0.3069403714565,0.409579667644184,2013_NZ-WI_2_1_NewZealandvWestIndies2013-14_OR.txt
60,0.190151515151515,0.431060606060606,0.378787878787879,2013_NZ-WI_2_10_WestIndies'Besthasn'tbeenenough_AndrewMcGlashan.txt
61,0.316151202749141,0.143470790378007,0.540378006872852,2013_NZ-WI_2_11_NewZealanddominaterain-hitday_AbhishekPurohit.txt
62,0.300653594771242,0.288398692810458,0.410947712418301,2013_NZ-WI_2_12_WestIndiesflufftheirchance_AndrewMcGlashan.txt
63,0.287477954144621,0.128747795414462,0.583774250440917,2013_NZ-WI_2_13_TaylorcenturypunishessloppyWI_AndrewMcGlashan.txt
64,0.142661179698217,0.640603566529492,0.216735253772291,2013_NZ-WI_2_14_SammychallengesNZtoplaybetter_AndrewMcGlashan.txt
65,0.20189701897019,0.506775067750677,0.291327913279133,2013_NZ-WI_2_15_WIbullishafterDunedinfightback_AndrewMcGlashan.txt
66,0.139393939393939,0.641212121212121,0.219393939393939,2013_NZ-WI_2_2_WakeupWestIndies_MartinCrowe.txt
67,0.243557772236076,0.445552784704904,0.310889443059019,2013_NZ-WI_2_3_WellingtonhightopsBoult'sbigyear_AndrewMcGlashan.txt
68,0.194260485651214,0.618101545253863,0.187637969094923,2013_NZ-WI_2_4_GibsonasksWestIndiesto'manup_AndrewMcGlashan.txt
69,0.249662618083671,0.516869095816464,0.233468286099865,2013_NZ-WI_2_5_Bowlersfailedinhelpfulconditions-Sammy_AndrewMcGlashan.txt
70,0.244196843082637,0.405756731662024,0.350046425255339,2013_NZ-WI_2_6_SeamersfireNewZealand'sgrowingself-belief_AndrewMcGlashan.txt
71,0.691256830601093,0.129781420765027,0.17896174863388,2013_NZ-WI_2_7_Boultsbestlosing20wicketstofastbowlers_ShivaJayaraman.txt
72,0.268518518518519,0.176851851851852,0.55462962962963,2013_NZ-WI_2_8_BoultswingsNZtoinningswin_AbhishekPurohit.txt
73,0.420398009950249,0.342039800995025,0.237562189054726,2013_NZ-WI_2_9_NewZealand'sreliable'sheriff'_AndrewMcGlashan.txt
74,0.348670756646217,0.265848670756646,0.385480572597137,"2013_NZ-WI_3_1_NewZealandvWestIndies,2013-14_OR.txt"
75,0.337574215436811,0.121289228159457,0.541136556403732,2013_NZ-WI_3_10_NarinethreatgivesWIadvantage_AbhishekPurohit.txt
76,0.221399176954733,0.413991769547325,0.364609053497942,2013_NZ-WI_3_11_RamdinhelpspullWIbackfromthebrink_AndrewMcGlashan.txt
77,0.222557905337362,0.131923464249748,0.64551863041289,"2013_NZ-WI_3_12_Ramdin,ChanderpaulreviveWI_AbhishekPurohit.txt"
78,0.246438746438746,0.562678062678063,0.190883190883191,2013_NZ-WI_3_13_WestIndiespinhopesonNarine_AndrewMcGlashan.txt
79,0.192449355432781,0.593001841620626,0.214548802946593,2013_NZ-WI_3_14_Luckytohaveaworld-classbowlingline-up-McCullum_AndrewMcGlashan.txt
80,0.384863123993559,0.409017713365539,0.206119162640902,2013_NZ-WI_3_15_NZaimtoburybrittleWindies_AndrewMcGlashan.txt
81,0.256313131313131,0.532828282828283,0.210858585858586,2013_NZ-WI_3_2_Somecareersareontheline-Sammy_AndrewMcGlashan.txt
82,0.257777777777778,0.524444444444444,0.217777777777778,2013_NZ-WI_3_3_NewZealandshowsignsofarevival_AndrewMcGlashan.txt
83,0.334666666666667,0.290666666666667,0.374666666666667,2013_NZ-WI_3_4_NewZealandeasetoseriesvictory_AndrewMcGlashan.txt
84,0.502415458937198,0.277777777777778,0.219806763285024,2013_NZ-WI_3_5_Narinefactor'increasesvalueofHamiltonton-Taylor_AndrewMcGlashan.txt
85,0.352693602693603,0.279461279461279,0.367845117845118,2013_NZ-WI_3_6_RoutineunravellingofbattingcostsWestIndies_AndrewMcGlashan.txt
86,0.762201453790239,0.104880581516096,0.132917964693666,2013_NZ-WI_3_7_TaylormovesupNewZealand'srecordscharts_ShivaJayaraman.txt
87,0.414462081128748,0.171075837742504,0.414462081128748,2013_NZ-WI_3_8_WIblownawayinasessionfor103_AbhishekPurohit.txt
88,0.335790335790336,0.303849303849304,0.36036036036036,2013_NZ-WI_3_9_SpingivesWestIndiesearlyfoothold_AndrewMcGlashan.txt
